cluster_centers_
[[1.69668036e+04 3.25520174e+04 5.95462455e+04 5.62359970e-01
  9.32785661e-01 8.03452203e+00 1.31067961e-01 2.99850635e-01
  1.58927436e+02 9.30918596e-01 1.67031367e+01 2.36086339e+01]
 [2.59039945e+04 1.53243019e+05 2.13979682e+05 6.62534435e-01
  2.97520661e+00 7.86212121e+00 5.64738292e-02 3.04407713e-01
  2.03091046e+02 9.24242424e-01 2.58911846e+01 2.84188699e+01]
 [1.82551252e+04 7.94120168e+04 1.09691755e+05 6.60798122e-01
  1.79929577e+00 8.15430360e+00 9.27230047e-02 3.18466354e-01
  1.73192181e+02 1.09154930e+00 2.28665884e+01 2.87191399e+01]]
selected k: 3
GMM Labels
[0 2 0 ... 2 2 2]
